3,1
3,3
10,5
10,87
10,73
10,33
10,259
10,261
10,159
11,13
11,5
9,7
9,5
8,18
8,13
8,8
8,17
8,16
20,3
20,2
20,1
19,2
19,3
19,1
12,3
12,2
12,1
11,29
11,28
11,27
11,26
11,25
11,24
11,23
11,22
11,21
11,20
11,18
11,17
11,15
11,14
11,11
11,10
11,9
11,7
11,3
11,2
11,1
10,313
10,312
10,311
10,310
10,309
10,308
10,307
10,306
10,305
10,304
10,303
10,302
10,301
10,300
10,299
10,298
10,297
10,296
10,295
10,294
10,242
10,168
10,146
10,134
10,114
10,30
10,1
18,1
10,24
18,3
10,3
10,2
9,6
9,1
9,4
9,3
9,2
8,15
8,12
8,1
8,6
8,3
2,2
8,2
2,1
3,2
2,3
0,0
13,1
13,3
14,1
14,3
0,9
309,34
309,33
309,32
309,31
309,30
309,29
309,28
309,27
